0 0.311111 0.180000 0.195556 0.164444
0 0.511111 0.120000 0.222222 0.213333
0 0.713333 0.171111 0.200000 0.191111
0 0.886667 0.508889 0.208889 0.208889
0 0.840000 0.688889 0.213333 0.177778
0 0.702222 0.842222 0.186667 0.182222
0 0.537778 0.880000 0.240000 0.204444
0 0.351111 0.840000 0.204444 0.213333
0 0.193333 0.708889 0.208889 0.208889
0 0.120000 0.511111 0.213333 0.222222
0 0.188889 0.326667 0.217778 0.208889
0 0.513333 0.388889 0.217778 0.200000
0 0.397778 0.586667 0.208889 0.213333
0 0.633333 0.584444 0.217778 0.226667
