0 0.272656 0.507398 0.053125 0.092478
0 0.225000 0.705919 0.032813 0.077682
0 0.269531 0.662145 0.034375 0.064118
0 0.362109 0.732429 0.032031 0.051788
0 0.353906 0.891492 0.042188 0.073983
0 0.400781 0.906289 0.040625 0.069051
0 0.433984 0.906905 0.035156 0.060419
0 0.425391 0.874846 0.052344 0.055487
0 0.466406 0.883477 0.040625 0.067818
0 0.495312 0.890875 0.040625 0.072750
0 0.527344 0.908755 0.035937 0.064118
0 0.564063 0.869914 0.031250 0.045623
0 0.575781 0.903822 0.040625 0.056720
0 0.667969 0.913070 0.060937 0.087546
0 0.660937 0.602959 0.043750 0.064118
0 0.780469 0.731813 0.045312 0.070284
0 0.738672 0.644266 0.042969 0.070284
