0 0.123693 0.645714 0.191638 0.320000
0 0.240418 0.831429 0.174216 0.302857
0 0.388502 0.745714 0.135889 0.245714
0 0.466899 0.900000 0.111498 0.200000
0 0.585366 0.911429 0.090592 0.177143
0 0.740418 0.822857 0.170732 0.308571
0 0.897213 0.765714 0.163763 0.262857
0 0.754355 0.377143 0.449477 0.697143
0 0.569686 0.717143 0.142857 0.257143
0 0.318815 0.577143 0.135889 0.240000
0 0.475610 0.568571 0.135889 0.234286
0 0.405923 0.422857 0.121951 0.217143
0 0.203833 0.471429 0.142857 0.234286
0 0.289199 0.348571 0.125436 0.194286
