0 0.303125 0.179688 0.212500 0.196875
0 0.506250 0.117188 0.237500 0.221875
0 0.712500 0.160938 0.187500 0.190625
0 0.878125 0.515625 0.225000 0.218750
0 0.837500 0.693750 0.200000 0.193750
0 0.629687 0.579688 0.203125 0.190625
0 0.687500 0.818750 0.218750 0.187500
0 0.534375 0.881250 0.225000 0.193750
0 0.356250 0.831250 0.237500 0.193750
0 0.190625 0.690625 0.218750 0.212500
0 0.110937 0.507812 0.215625 0.221875
0 0.192188 0.325000 0.215625 0.212500
0 0.385937 0.589063 0.253125 0.259375
0 0.534375 0.389062 0.256250 0.234375
