0 0.968229 0.347222 0.063542 0.098148
0 0.321875 0.553704 0.035417 0.070370
0 0.361458 0.384259 0.027083 0.061111
0 0.209375 0.634259 0.045833 0.075926
0 0.417187 0.442593 0.023958 0.059259
0 0.510417 0.526852 0.043750 0.057407
0 0.592708 0.420370 0.020833 0.051852
0 0.350521 0.704630 0.040625 0.061111
0 0.409375 0.575000 0.031250 0.064815
0 0.410417 0.698148 0.035417 0.062963
0 0.284896 0.770370 0.030208 0.055556
0 0.325521 0.766667 0.032292 0.055556
0 0.271875 0.895370 0.041667 0.083333
0 0.319792 0.868519 0.039583 0.066667
0 0.319792 0.929630 0.033333 0.059259
0 0.381250 0.903704 0.031250 0.066667
0 0.417708 0.901852 0.031250 0.070370
0 0.395833 0.980556 0.025000 0.038889
0 0.464062 0.968519 0.036458 0.062963
0 0.510938 0.911111 0.044792 0.074074
0 0.560937 0.945370 0.038542 0.109259
0 0.752083 0.958333 0.060417 0.083333
0 0.908854 0.719444 0.032292 0.064815
0 0.842187 0.719444 0.053125 0.109259
0 0.636458 0.811111 0.031250 0.085185
0 0.616146 0.736111 0.019792 0.057407
0 0.628646 0.769444 0.026042 0.053704
0 0.594271 0.702778 0.021875 0.050000
0 0.455729 0.593519 0.032292 0.061111
0 0.477083 0.576852 0.022917 0.046296
0 0.448437 0.634259 0.036458 0.046296
0 0.466667 0.674074 0.029167 0.055556
0 0.450000 0.714815 0.025000 0.066667
0 0.470833 0.730556 0.033333 0.057407
0 0.403125 0.810185 0.022917 0.057407
0 0.434375 0.808333 0.031250 0.057407
0 0.430729 0.863889 0.030208 0.064815
0 0.467187 0.786111 0.028125 0.072222
0 0.521354 0.692593 0.019792 0.048148
0 0.494792 0.738889 0.025000 0.051852
0 0.513021 0.774074 0.021875 0.048148
0 0.483854 0.850000 0.034375 0.070370
0 0.514583 0.822222 0.027083 0.055556
0 0.541146 0.798148 0.028125 0.081481
0 0.569271 0.825926 0.030208 0.062963
0 0.594271 0.850000 0.019792 0.066667
0 0.558333 0.718519 0.039583 0.066667
0 0.590104 0.787037 0.034375 0.055556
