0 0.556250 0.527778 0.037500 0.077778
0 0.307031 0.529167 0.042188 0.063889
0 0.285938 0.541667 0.034375 0.050000
0 0.344531 0.625000 0.032813 0.050000
0 0.312500 0.583333 0.021875 0.038889
0 0.350781 0.583333 0.039062 0.050000
0 0.437500 0.597222 0.031250 0.077778
0 0.467187 0.586111 0.034375 0.055556
0 0.530469 0.588889 0.042188 0.072222
0 0.555469 0.577778 0.032813 0.055556
0 0.603906 0.587500 0.029687 0.063889
0 0.601562 0.619444 0.031250 0.066667
0 0.657031 0.538889 0.045312 0.061111
0 0.852344 0.622222 0.073438 0.122222
0 0.499219 0.797222 0.498437 0.405556
0 0.690625 0.558333 0.246875 0.872222
