0 0.172531 0.521259 0.060159 0.078231
0 0.232974 0.591412 0.036890 0.055272
0 0.394438 0.571429 0.052213 0.091837
0 0.489784 0.407738 0.051078 0.063776
0 0.450057 0.465136 0.039728 0.042517
0 0.616061 0.421769 0.045970 0.079932
0 0.622020 0.395408 0.040863 0.039116
0 0.823780 0.474915 0.035755 0.065476
0 0.917707 0.492347 0.048808 0.079932
0 0.777526 0.673895 0.076050 0.119898
0 0.772134 0.888180 0.119750 0.096088
0 0.720204 0.968112 0.140749 0.063776
0 0.525539 0.829932 0.032917 0.085034
0 0.565267 0.849490 0.051078 0.078231
0 0.547673 0.795918 0.031782 0.042517
0 0.574631 0.801446 0.043700 0.056973
0 0.606129 0.840136 0.049943 0.078231
0 0.652384 0.857993 0.040295 0.098639
0 0.572361 0.763605 0.034620 0.047619
0 0.648411 0.754677 0.042565 0.062075
0 0.700057 0.772109 0.039160 0.076531
0 0.708286 0.730442 0.048808 0.045918
0 0.617196 0.695153 0.034620 0.041667
0 0.591373 0.733844 0.038593 0.039116
0 0.612372 0.759779 0.031782 0.055272
0 0.643871 0.707908 0.035755 0.067177
