0 0.042083 0.791334 0.054167 0.196123
0 0.095833 0.853478 0.133333 0.156214
0 0.225417 0.842645 0.085833 0.141391
0 0.185833 0.950969 0.113333 0.082098
0 0.177083 0.812429 0.095833 0.133409
0 0.162500 0.758837 0.108333 0.069555
0 0.251667 0.767959 0.056667 0.108324
0 0.287083 0.782212 0.070833 0.082098
0 0.365000 0.779932 0.066667 0.102623
0 0.335417 0.801026 0.084167 0.071836
0 0.314167 0.865450 0.096667 0.143672
0 0.445000 0.908210 0.213333 0.183580
0 0.556250 0.872292 0.104167 0.175599
0 0.742500 0.857469 0.128333 0.175599
0 0.868333 0.876283 0.098333 0.133409
0 0.464583 0.754276 0.082500 0.071836
0 0.349167 0.712657 0.075000 0.068415
0 0.406667 0.721779 0.071667 0.070696
0 0.470417 0.713227 0.055833 0.044470
0 0.460000 0.755986 0.098333 0.068415
0 0.522083 0.801596 0.084167 0.061574
0 0.535000 0.726910 0.068333 0.096921
0 0.610833 0.706956 0.086667 0.114025
0 0.631667 0.678449 0.078333 0.034208
0 0.635417 0.753706 0.085833 0.155074
0 0.715000 0.712087 0.121667 0.160775
0 0.747083 0.718358 0.115833 0.120867
0 0.695000 0.807868 0.113333 0.142531
0 0.757917 0.748005 0.055833 0.088940
0 0.850833 0.803307 0.106667 0.085519
0 0.824167 0.677879 0.076667 0.153934
0 0.889167 0.704675 0.046667 0.125428
0 0.864583 0.780502 0.087500 0.083238
0 0.956667 0.795325 0.083333 0.128848
