0 0.500000 0.117647 0.261176 0.225882
0 0.391765 0.315294 0.237647 0.240000
0 0.618824 0.288235 0.211765 0.200000
0 0.735294 0.451765 0.223529 0.211765
0 0.864706 0.575294 0.195294 0.228235
0 0.918824 0.721176 0.157647 0.214118
0 0.743529 0.771765 0.216471 0.188235
0 0.630588 0.627059 0.183529 0.195294
0 0.502353 0.487059 0.200000 0.174118
0 0.276471 0.504706 0.232941 0.214118
0 0.396471 0.655294 0.209412 0.190588
0 0.503529 0.811765 0.221176 0.202353
0 0.301176 0.837647 0.202353 0.211765
0 0.172941 0.684706 0.214118 0.230588
0 0.085882 0.870588 0.167059 0.244706
