0 0.522353 0.096739 0.225882 0.189130
0 0.417647 0.232609 0.204706 0.200000
0 0.630588 0.256522 0.207059 0.204348
0 0.720000 0.398913 0.202353 0.202174
0 0.502353 0.381522 0.204706 0.163043
0 0.311765 0.343478 0.228235 0.165217
0 0.247059 0.476087 0.183529 0.165217
0 0.418824 0.501087 0.183529 0.158696
0 0.609412 0.529348 0.178824 0.176087
0 0.727059 0.407609 0.197647 0.163043
0 0.815294 0.538043 0.181176 0.202174
0 0.892941 0.685870 0.195294 0.202174
0 0.708235 0.679348 0.169412 0.184783
0 0.518824 0.660870 0.152941 0.165217
0 0.344706 0.641304 0.204706 0.182609
0 0.149412 0.591304 0.200000 0.178261
0 0.222353 0.878261 0.275294 0.213043
0 0.495294 0.882609 0.251765 0.221739
0 0.745882 0.893478 0.197647 0.213043
