0 0.128631 0.126794 0.248963 0.244019
0 0.377593 0.124402 0.248963 0.239234
0 0.624481 0.129187 0.253112 0.248804
0 0.871369 0.122010 0.257261 0.234450
0 0.066390 0.337321 0.124481 0.330144
0 0.255187 0.337321 0.261411 0.330144
0 0.504149 0.334928 0.253112 0.325359
0 0.755187 0.334928 0.248963 0.325359
0 0.933610 0.342105 0.132780 0.311005
0 0.128631 0.588517 0.248963 0.334928
0 0.377593 0.598086 0.248963 0.334928
0 0.626556 0.586124 0.248963 0.330144
0 0.869295 0.586124 0.261411 0.330144
0 0.068465 0.830144 0.128631 0.320574
0 0.253112 0.830144 0.248963 0.330144
0 0.500000 0.832536 0.261411 0.315789
0 0.753112 0.830144 0.253112 0.330144
0 0.935685 0.830144 0.128631 0.330144
0 0.124481 0.961722 0.240664 0.076555
0 0.375519 0.959330 0.253112 0.081340
0 0.626556 0.959330 0.248963 0.081340
0 0.871369 0.959330 0.240664 0.081340
