0 0.200405 0.164216 0.174089 0.220588
0 0.396761 0.181373 0.153846 0.156863
0 0.593117 0.191176 0.141700 0.166667
0 0.751012 0.220588 0.133603 0.186275
0 0.900810 0.284314 0.117409 0.137255
0 0.143725 0.362745 0.182186 0.225490
0 0.313765 0.375000 0.165992 0.240196
0 0.491903 0.389706 0.141700 0.191176
0 0.661943 0.399510 0.149798 0.220588
0 0.823887 0.411765 0.141700 0.205882
0 0.923077 0.473039 0.064777 0.083333
0 0.945344 0.563725 0.109312 0.098039
0 0.178138 0.549020 0.145749 0.166667
0 0.325911 0.549020 0.125506 0.166667
0 0.497976 0.556373 0.121457 0.151961
0 0.706478 0.561275 0.133603 0.142157
0 0.844130 0.632353 0.117409 0.127451
0 0.085020 0.710784 0.137652 0.176471
0 0.271255 0.708333 0.129555 0.181373
0 0.443320 0.686275 0.141700 0.186275
0 0.613360 0.730392 0.133603 0.147059
0 0.805668 0.762255 0.129555 0.171569
0 0.904858 0.865196 0.157895 0.191176
0 0.161943 0.830882 0.186235 0.200980
0 0.315789 0.899510 0.129555 0.151961
0 0.441296 0.887255 0.121457 0.137255
