0 0.424706 0.277381 0.308235 0.307143
0 0.131765 0.308333 0.221176 0.283333
0 0.075294 0.514286 0.141176 0.138095
0 0.224706 0.510714 0.120000 0.135714
0 0.365882 0.516667 0.138824 0.133333
0 0.523529 0.520238 0.138824 0.121429
0 0.675294 0.526190 0.127059 0.100000
0 0.831765 0.545238 0.110588 0.104762
0 0.931765 0.647619 0.122353 0.157143
0 0.769412 0.653571 0.131765 0.116667
0 0.627059 0.650000 0.157647 0.114286
0 0.472941 0.646429 0.108235 0.140476
0 0.316471 0.660714 0.157647 0.121429
0 0.138824 0.647619 0.183529 0.123810
0 0.068235 0.783333 0.122353 0.114286
0 0.228235 0.798810 0.150588 0.130952
0 0.367059 0.800000 0.122353 0.142857
0 0.527059 0.791667 0.136471 0.130952
0 0.695294 0.784524 0.129412 0.150000
0 0.829412 0.785714 0.124706 0.138095
0 0.738824 0.921429 0.136471 0.138095
0 0.901176 0.928571 0.131765 0.142857
0 0.601176 0.925000 0.143529 0.121429
0 0.443529 0.923810 0.124706 0.152381
0 0.300000 0.928571 0.167059 0.142857
0 0.140000 0.927381 0.148235 0.135714
