0 0.050314 0.201258 0.094340 0.377358
0 0.067610 0.540881 0.128931 0.477987
0 0.110063 0.128931 0.132075 0.245283
0 0.191824 0.044025 0.069182 0.075472
0 0.264151 0.254717 0.176101 0.358491
0 0.353774 0.110063 0.128931 0.207547
0 0.432390 0.122642 0.116352 0.232704
0 0.561321 0.100629 0.110063 0.188679
0 0.617925 0.072327 0.059748 0.132075
0 0.704403 0.072327 0.094340 0.132075
0 0.773585 0.037736 0.062893 0.062893
0 0.839623 0.059748 0.050314 0.106918
0 0.891509 0.097484 0.047170 0.144654
0 0.941824 0.088050 0.047170 0.113208
0 0.968553 0.176101 0.062893 0.150943
0 0.842767 0.128931 0.075472 0.157233
0 0.768868 0.141509 0.110063 0.194969
0 0.789308 0.305031 0.125786 0.283019
0 0.856918 0.408805 0.141509 0.276730
0 0.965409 0.484277 0.069182 0.238994
0 0.584906 0.238994 0.132075 0.301887
0 0.501572 0.345912 0.141509 0.327044
0 0.544025 0.525157 0.182390 0.383648
0 0.709119 0.430818 0.166667 0.333333
0 0.827044 0.597484 0.169811 0.301887
0 0.871069 0.880503 0.251572 0.238994
0 0.959119 0.805031 0.081761 0.314465
0 0.360063 0.672956 0.223270 0.415094
0 0.375786 0.918239 0.254717 0.163522
