0 0.112717 0.143836 0.109827 0.075342
0 0.277457 0.140411 0.127168 0.075342
0 0.433526 0.142123 0.115607 0.065068
0 0.583815 0.147260 0.104046 0.068493
0 0.748555 0.145548 0.109827 0.058219
0 0.895954 0.145548 0.104046 0.065068
0 0.109827 0.241438 0.127168 0.078767
0 0.263006 0.238014 0.132948 0.071918
0 0.427746 0.246575 0.127168 0.089041
0 0.586705 0.239726 0.132948 0.075342
0 0.734104 0.244863 0.127168 0.078767
0 0.890173 0.244863 0.127168 0.078767
0 0.121387 0.356164 0.138728 0.082192
0 0.260116 0.354452 0.138728 0.071918
0 0.419075 0.356164 0.132948 0.075342
0 0.580925 0.352740 0.132948 0.075342
0 0.745665 0.352740 0.150289 0.075342
0 0.910405 0.356164 0.144509 0.082192
0 0.112717 0.467466 0.132948 0.078767
0 0.274566 0.476027 0.132948 0.082192
0 0.430636 0.467466 0.132948 0.071918
0 0.583815 0.477740 0.150289 0.085616
0 0.739884 0.479452 0.138728 0.095890
0 0.904624 0.474315 0.121387 0.078767
0 0.109827 0.585616 0.138728 0.068493
0 0.271676 0.589041 0.115607 0.075342
0 0.430636 0.589041 0.144509 0.075342
0 0.595376 0.590753 0.127168 0.085616
0 0.745665 0.585616 0.138728 0.068493
0 0.898844 0.590753 0.121387 0.078767
0 0.271676 0.707192 0.138728 0.085616
0 0.427746 0.712329 0.138728 0.095890
0 0.578035 0.705479 0.127168 0.075342
0 0.745665 0.705479 0.138728 0.075342
0 0.916185 0.703767 0.167630 0.078767
0 0.115607 0.821918 0.150289 0.082192
0 0.271676 0.823630 0.138728 0.085616
0 0.430636 0.818493 0.132948 0.075342
0 0.592486 0.818493 0.132948 0.075342
0 0.745665 0.818493 0.127168 0.075342
0 0.913295 0.821918 0.150289 0.089041
