0 0.270909 0.303279 0.069091 0.224044
0 0.423636 0.256831 0.098182 0.196721
0 0.452727 0.106557 0.069091 0.136612
0 0.503636 0.193989 0.090909 0.114754
0 0.620000 0.185792 0.083636 0.153005
0 0.700000 0.084699 0.076364 0.158470
0 0.809091 0.286885 0.141818 0.213115
0 0.694545 0.401639 0.087273 0.147541
0 0.754545 0.598361 0.141818 0.213115
0 0.861818 0.571038 0.080000 0.158470
0 0.329091 0.540984 0.112727 0.131148
0 0.156364 0.587432 0.116364 0.136612
0 0.163636 0.841530 0.130909 0.142077
0 0.307273 0.816940 0.149091 0.213115
