0 0.164375 0.139375 0.203750 0.191250
0 0.385625 0.131875 0.231250 0.211250
0 0.173750 0.363750 0.232500 0.225000
0 0.394375 0.362500 0.223750 0.215000
0 0.141250 0.628125 0.227500 0.261250
0 0.356250 0.609375 0.232500 0.238750
0 0.145000 0.847500 0.222500 0.260000
0 0.365625 0.854375 0.201250 0.238750
0 0.625000 0.671250 0.215000 0.197500
0 0.800000 0.695000 0.135000 0.130000
0 0.643750 0.826875 0.165000 0.148750
0 0.803750 0.834375 0.135000 0.148750
0 0.639375 0.328125 0.143750 0.138750
0 0.790625 0.331250 0.131250 0.177500
0 0.795625 0.193750 0.136250 0.150000
0 0.644375 0.177500 0.131250 0.127500
