0 0.103175 0.462500 0.161905 0.387500
0 0.300000 0.168750 0.098413 0.212500
0 0.428571 0.165625 0.101587 0.206250
0 0.555556 0.159375 0.101587 0.193750
0 0.687302 0.175000 0.098413 0.237500
0 0.298413 0.390625 0.095238 0.181250
0 0.428571 0.387500 0.095238 0.175000
0 0.555556 0.393750 0.088889 0.187500
0 0.693651 0.384375 0.104762 0.193750
0 0.296825 0.618750 0.079365 0.175000
0 0.425397 0.618750 0.088889 0.187500
0 0.557143 0.625000 0.092063 0.175000
0 0.690476 0.612500 0.098413 0.162500
0 0.298413 0.834375 0.088889 0.168750
0 0.425397 0.840625 0.095238 0.168750
0 0.560317 0.831250 0.098413 0.187500
0 0.684127 0.837500 0.104762 0.187500
0 0.890476 0.490625 0.174603 0.318750
