0 0.148926 0.650073 0.030273 0.055637
0 0.188965 0.718155 0.041992 0.062958
0 0.440918 0.748902 0.036133 0.048316
0 0.539551 0.775988 0.040039 0.064422
0 0.526367 0.730600 0.041016 0.052709
0 0.558594 0.751098 0.044922 0.052709
0 0.597168 0.797218 0.055664 0.068814
0 0.622070 0.642020 0.025391 0.039531
0 0.652344 0.655198 0.025391 0.071742
0 0.642090 0.595168 0.034180 0.045388
0 0.666992 0.606881 0.033203 0.027818
0 0.631836 0.538799 0.027344 0.052709
0 0.680664 0.524158 0.027344 0.061493
0 0.580566 0.504392 0.020508 0.030747
0 0.566406 0.479502 0.015625 0.027818
0 0.430176 0.491947 0.022461 0.029283
0 0.202148 0.623719 0.023438 0.046852
0 0.225586 0.627379 0.035156 0.045388
