0 0.252500 0.262857 0.175000 0.354286
0 0.102857 0.130714 0.107143 0.244286
0 0.072500 0.204286 0.143571 0.317143
0 0.069286 0.541429 0.137143 0.454286
0 0.176071 0.042857 0.123571 0.068571
0 0.351786 0.107143 0.132143 0.180000
0 0.418214 0.103571 0.117857 0.184286
0 0.577143 0.090000 0.125714 0.105714
0 0.629643 0.079286 0.050714 0.118571
0 0.710357 0.037857 0.092143 0.072857
0 0.763214 0.133571 0.093571 0.158571
0 0.831786 0.119286 0.083571 0.155714
0 0.882143 0.092143 0.060000 0.141429
0 0.918929 0.242143 0.092143 0.195714
0 0.961429 0.169286 0.047143 0.135714
0 0.861071 0.397143 0.137857 0.228571
0 0.785357 0.272857 0.123571 0.162857
0 0.965714 0.485000 0.042857 0.204286
0 0.826786 0.612857 0.177857 0.228571
0 0.703571 0.449286 0.151429 0.275714
0 0.592500 0.246429 0.109286 0.192857
0 0.498929 0.320000 0.116429 0.297143
0 0.534643 0.516429 0.167857 0.290000
0 0.363214 0.695714 0.245000 0.405714
0 0.378214 0.925000 0.270714 0.150000
0 0.851071 0.885714 0.229286 0.228571
0 0.966429 0.817857 0.067143 0.270000
