0 0.266875 0.312188 0.092083 0.226875
0 0.415417 0.226875 0.110833 0.203750
0 0.457083 0.103750 0.062500 0.135000
0 0.503750 0.188125 0.090000 0.172500
0 0.620625 0.218125 0.108750 0.192500
0 0.718750 0.085000 0.079167 0.168750
0 0.808542 0.288750 0.136250 0.245000
0 0.693958 0.397813 0.108750 0.158125
0 0.753750 0.596875 0.135833 0.203750
0 0.860208 0.577187 0.112083 0.190625
0 0.342708 0.531250 0.105417 0.177500
0 0.154583 0.588750 0.117500 0.157500
0 0.158958 0.839375 0.102083 0.146250
0 0.311250 0.820625 0.145833 0.220000
