0 0.110054 0.142915 0.111413 0.089372
0 0.260190 0.150161 0.145380 0.084541
0 0.418478 0.146135 0.130435 0.065217
0 0.583560 0.152174 0.131793 0.070853
0 0.731658 0.147746 0.134511 0.068438
0 0.884511 0.147746 0.165761 0.074879
0 0.123641 0.240338 0.146739 0.074879
0 0.255435 0.231079 0.135870 0.075684
0 0.431386 0.242351 0.139946 0.086957
0 0.572690 0.251610 0.115489 0.068438
0 0.745245 0.247182 0.158967 0.082126
0 0.913043 0.256039 0.165761 0.101449
0 0.103261 0.355878 0.144022 0.069243
0 0.260190 0.351449 0.137228 0.071659
0 0.415761 0.353865 0.144022 0.078100
0 0.572011 0.357488 0.176630 0.070853
0 0.716712 0.366345 0.126359 0.067633
0 0.876359 0.357085 0.171196 0.078100
0 0.105978 0.464976 0.138587 0.078100
0 0.262908 0.469002 0.131793 0.087762
0 0.402853 0.469807 0.112772 0.086151
0 0.556386 0.470209 0.148098 0.080515
0 0.726902 0.472625 0.144022 0.075684
0 0.893342 0.475845 0.142663 0.098229
0 0.102582 0.592190 0.153533 0.089372
0 0.295516 0.603462 0.131793 0.090982
0 0.427310 0.584541 0.110054 0.088567
0 0.572011 0.588969 0.141304 0.089372
0 0.725543 0.592995 0.135870 0.090982
0 0.885870 0.595411 0.149457 0.084541
0 0.271739 0.710145 0.119565 0.086957
0 0.427310 0.707729 0.112772 0.074074
0 0.568614 0.712158 0.150815 0.076490
0 0.727582 0.706924 0.118207 0.070853
0 0.891304 0.705717 0.100543 0.082931
0 0.103261 0.835749 0.105978 0.082126
0 0.292120 0.815217 0.138587 0.086151
0 0.427310 0.824074 0.129076 0.099034
0 0.601223 0.828905 0.156250 0.094203
0 0.743886 0.820853 0.142663 0.086151
0 0.911685 0.822866 0.171196 0.090177
