0 0.292000 0.174000 0.188000 0.180000
0 0.488000 0.124000 0.232000 0.220000
0 0.697000 0.172000 0.178000 0.188000
0 0.869000 0.504000 0.202000 0.204000
0 0.836000 0.690000 0.220000 0.188000
0 0.692000 0.829000 0.204000 0.182000
0 0.628000 0.583000 0.212000 0.218000
0 0.505000 0.383000 0.226000 0.214000
0 0.404000 0.594000 0.252000 0.212000
0 0.188000 0.332000 0.212000 0.216000
0 0.124000 0.499000 0.236000 0.210000
0 0.187000 0.691000 0.202000 0.194000
0 0.333000 0.840000 0.210000 0.228000
0 0.511000 0.882000 0.226000 0.236000
