0 0.462083 0.636508 0.407500 0.726984
0 0.665000 0.420635 0.126667 0.260317
0 0.731250 0.284921 0.089167 0.166667
0 0.748750 0.211905 0.077500 0.138095
0 0.832500 0.376984 0.063333 0.179365
0 0.590833 0.050000 0.115000 0.077778
0 0.510833 0.024603 0.046667 0.026984
0 0.341667 0.230159 0.068333 0.158730
0 0.423750 0.238889 0.037500 0.103175
0 0.527917 0.287302 0.074167 0.133333
0 0.267500 0.225397 0.053333 0.101587
0 0.286667 0.086508 0.046667 0.128571
0 0.342500 0.079365 0.076667 0.152381
0 0.156250 0.177778 0.092500 0.177778
