0 0.266875 0.294375 0.052917 0.213750
0 0.327292 0.543438 0.098750 0.149375
0 0.169167 0.602812 0.142500 0.205625
0 0.155625 0.844375 0.077917 0.150000
0 0.319583 0.831250 0.170833 0.212500
0 0.434167 0.224375 0.100000 0.150000
0 0.455625 0.111562 0.078750 0.128125
0 0.515833 0.203750 0.098333 0.167500
0 0.634375 0.211250 0.081250 0.156250
0 0.717500 0.071563 0.083333 0.139375
0 0.802500 0.276875 0.152500 0.166250
0 0.707708 0.415938 0.096250 0.138125
0 0.752292 0.586250 0.119583 0.172500
0 0.855208 0.556875 0.092917 0.182500
