0 0.095956 0.215323 0.046324 0.098387
0 0.148529 0.414516 0.151471 0.370968
0 0.313971 0.231452 0.042647 0.091935
0 0.378676 0.375000 0.136765 0.291935
0 0.545588 0.250806 0.050000 0.114516
0 0.618382 0.436290 0.160294 0.308065
0 0.771691 0.238710 0.049265 0.106452
0 0.837132 0.410484 0.131618 0.301613
0 0.082353 0.726613 0.051471 0.082258
0 0.320221 0.711290 0.077206 0.112903
0 0.550735 0.745968 0.039706 0.111290
0 0.794485 0.710484 0.066912 0.091935
0 0.848162 0.875806 0.158088 0.248387
0 0.602206 0.908065 0.136765 0.183871
0 0.388235 0.890323 0.138235 0.219355
0 0.134191 0.883065 0.150735 0.233871
