0 0.125000 0.253394 0.210000 0.244344
0 0.311667 0.230769 0.150000 0.217195
0 0.555000 0.167421 0.183333 0.280543
0 0.808333 0.167421 0.236667 0.289593
0 0.693333 0.323529 0.193333 0.194570
0 0.855000 0.493213 0.196667 0.280543
0 0.683333 0.585973 0.186667 0.257919
0 0.835000 0.807692 0.210000 0.239819
0 0.560000 0.719457 0.266667 0.190045
0 0.640000 0.873303 0.213333 0.180995
0 0.438333 0.832579 0.170000 0.144796
0 0.293333 0.873303 0.113333 0.108597
0 0.161667 0.841629 0.183333 0.253394
0 0.288333 0.665158 0.236667 0.271493
0 0.206667 0.407240 0.153333 0.217195
0 0.476667 0.425339 0.280000 0.307692
0 0.120000 0.606335 0.193333 0.226244
