0 0.102574 0.226613 0.055147 0.085484
0 0.330147 0.238710 0.069118 0.116129
0 0.544485 0.261290 0.053676 0.090323
0 0.779044 0.257258 0.046324 0.101613
0 0.085662 0.725806 0.049265 0.103226
0 0.336765 0.741935 0.055882 0.087097
0 0.559926 0.754032 0.025735 0.082258
0 0.807353 0.714516 0.030882 0.112903
0 0.152941 0.411290 0.155882 0.303226
0 0.385294 0.395968 0.145588 0.295161
0 0.608824 0.404032 0.142647 0.308065
0 0.824265 0.427419 0.158824 0.335484
0 0.138235 0.861290 0.147059 0.277419
0 0.369485 0.871774 0.130147 0.256452
0 0.600735 0.890323 0.130882 0.219355
0 0.855882 0.871774 0.138235 0.256452
