0 0.479464 0.493151 0.498214 0.979452
0 0.045536 0.104452 0.087500 0.195205
0 0.155357 0.116438 0.135714 0.191781
0 0.287500 0.102740 0.121429 0.198630
0 0.423214 0.092466 0.128571 0.164384
0 0.561607 0.095890 0.112500 0.178082
0 0.687500 0.102740 0.125000 0.191781
0 0.818750 0.101027 0.137500 0.181507
0 0.937500 0.116438 0.110714 0.198630
0 0.015179 0.275685 0.023214 0.181507
0 0.091071 0.280822 0.125000 0.226027
0 0.221429 0.292808 0.135714 0.202055
0 0.157143 0.222603 0.125000 0.226027
0 0.334821 0.299658 0.094643 0.195205
0 0.752679 0.285959 0.133929 0.215753
0 0.878571 0.308219 0.110714 0.239726
0 0.966964 0.285959 0.066071 0.208904
0 0.153571 0.469178 0.128571 0.232877
0 0.159821 0.618151 0.130357 0.202055
0 0.092857 0.796233 0.132143 0.222603
0 0.222321 0.803082 0.130357 0.222603
0 0.149107 0.934932 0.105357 0.130137
0 0.819643 0.857877 0.125000 0.229452
0 0.822321 0.462329 0.133929 0.219178
