0 0.161667 0.166667 0.223333 0.284314
0 0.338333 0.159314 0.143333 0.210784
0 0.568333 0.186275 0.150000 0.225490
0 0.721667 0.220588 0.136667 0.235294
0 0.870000 0.232843 0.146667 0.250000
0 0.151667 0.455882 0.143333 0.215686
0 0.291667 0.458333 0.136667 0.181373
0 0.441667 0.416667 0.143333 0.205882
0 0.598333 0.458333 0.123333 0.210784
0 0.740000 0.460784 0.100000 0.147059
0 0.878333 0.438725 0.136667 0.200980
0 0.160000 0.674020 0.173333 0.259804
0 0.321667 0.664216 0.136667 0.200980
0 0.453333 0.664216 0.146667 0.200980
0 0.595000 0.649510 0.116667 0.200980
0 0.720000 0.654412 0.133333 0.191176
0 0.868333 0.649510 0.116667 0.191176
0 0.183333 0.882353 0.140000 0.196078
0 0.335000 0.875000 0.136667 0.191176
0 0.480000 0.870098 0.120000 0.151961
0 0.625000 0.845588 0.116667 0.151961
0 0.751667 0.848039 0.090000 0.156863
0 0.866667 0.850490 0.106667 0.181373
