0 0.315625 0.391667 0.068750 0.066667
0 0.387500 0.385417 0.043750 0.070833
0 0.442188 0.393750 0.078125 0.087500
0 0.181250 0.472917 0.075000 0.070833
0 0.131250 0.579167 0.131250 0.158333
0 0.270313 0.604167 0.128125 0.191667
0 0.351562 0.747917 0.140625 0.237500
0 0.595313 0.691667 0.203125 0.233333
0 0.423438 0.616667 0.128125 0.183333
0 0.329688 0.535417 0.109375 0.179167
0 0.232813 0.516667 0.115625 0.141667
0 0.351562 0.485417 0.109375 0.095833
0 0.434375 0.510417 0.087500 0.070833
0 0.423438 0.447917 0.140625 0.070833
0 0.542188 0.491667 0.121875 0.133333
0 0.595313 0.560417 0.090625 0.079167
0 0.773438 0.550000 0.234375 0.300000
0 0.629687 0.460417 0.053125 0.104167
0 0.862500 0.670833 0.206250 0.275000
